100545 215056
122418 167413
9373 57939
52564 136668
24714 46735
824 10280
22290 32021
82360 152673
17571 47114
99651 195159
15631 100604
37493 145935
1879 59757
98992 207126
71586 153248
65900 162546
112691 214340
108701 172030
1221 15621
1967 113873
62244 149195
22551 140505
92630 214836
17065 96039
6085 90747
76430 173405
41066 157347
78994 93117
66635 124006
17088 69672
3241 50270
8517 131442
94526 113477
2089 38889
96127 197334
23226 121338
24214 73901
78485 143847
73790 123831
75134 175709
121968 212623
70023 95680
127966 137651
47572 137860
123769 141466
72441 193451
22917 33873
90999 96356
30200 76983
56374 146087
9845 23595
30895 148791
52383 130772
89869 168996
69839 125578
127042 189399
63056 112960
98409 149387
74358 174998
23263 77945
24375 144271
60147 143640
78241 196149
50224 132910
121606 127117
90223 180450
126858 206013
58593 85192
119891 148931
46128 59878
32380 101729
48207 90016
45828 100456
110298 225859
89367 186723
83044 180802
84903 128901
40680 94158
32135 161416
25200 41464
81458 198483
70217 179926
33405 98673
5914 109639
73535 201855
43936 44468
36303 160328
3771 125927
89758 101205
97007 110032
130269 134738
48065 101544
109658 128659
9308 140187
25260 97607
52424 137696
28695 120048
129461 219814
17807 73332
69424 74950
32383 145662
66340 155331
51804 87947
69723 74600
119023 234230
91604 128422
69616 98434
52938 164870
87119 135356
93661 102704
106415 231201
29242 121310
13381 129550
112215 142119
72126 117323
37778 74965
94795 223276
117518 175701
108874 187897
38069 65958
27751 74408
64685 135045
90934 190384
99149 127360
59310 72502
0