22418
8839
10488
16995
4705
2267
2064
13909
6337
18744
17768
21981
12651
21193
16270
19275
19852
12439
3367
23590
17403
24126
23978
16563
18007
19223
23475
2870
11581
11159
10288
25493
3779
8174
19838
20197
10466
13009
10057
19904
17679
5255
1921
18274
3463
23944
2345
1086
9790
18020
3068
23952
15867
15626
11209
12220
10106
10088
19934
11495
24450
16736
23260
16739
1091
17756
15444
5488
5709
2890
14383
8661
11210
22578
19201
19279
8752
11074
26201
3483
23054
21763
13516
21815
25326
117
25072
25528
2298
2595
856
11004
3757
27030
15055
17227
18757
17607
11759
1142
23018
17789
7468
1006
22475
7324
5845
22471
9586
1830
24412
18881
24020
5885
9113
7789
25178
11366
15521
5872
9788
14119
19585
5600
2710
