14.244 14.683
13.671 13.790
15.662 14.244
12.656 13.564
15.497 14.713
13.004 15.096
14.260 14.897
19.378 12.099
15.058 14.744
15.339 16.446
17.021 13.165
13.633 14.113
13.646 14.837
11.870 14.007
15.554 14.945
15.046 14.582
10.767 17.693
15.333 13.000
14.554 14.063
14.284 14.413
14.247 14.351
12.600 15.547
13.060 19.580
16.679 13.094
15.870 14.847
17.305 12.891
15.418 14.446
14.500 12.582
17.536 14.925
16.248 14.032
14.234 12.398
15.633 10.064
16.446 13.264
15.644 13.851
15.071 13.959
13.108 11.657
13.327 14.778
15.919 7.704
13.555 15.003
8.513 5.750
14.054 15.534
13.001 16.726
13.127 15.242
14.076 14.081
11.391 10.239
14.528 14.054
18.460 8.629
14.437 14.955
13.787 12.817
12.959 16.554
18.218 13.932
15.832 17.399
15.780 11.814
14.237 13.098
15.294 15.267
15.916 13.535
18.000 11.667
14.833 14.639
16.969 10.107
13.749 11.994
14.193 13.128
15.997 14.573
11.521 10.555
12.592 14.728
14.444 15.176
14.293 14.281
15.488 14.874
16.588 14.578
13.488 14.114
14.937 14.743
15.053 15.847
13.931 15.771
17.267 14.937
16.030 11.676
13.111 16.066
15.916 18.423
13.947 16.445
16.004 12.225
15.028 15.706
14.635 13.890
13.589 14.896
14.707 13.305
14.934 15.623
13.416 11.377
9.112 16.549
13.562 13.323
17.241 15.753
17.352 16.542
14.252 14.305
11.466 17.103
19.481 18.765
12.816 12.277
14.578 14.176
15.111 14.735
18.297 14.651
14.240 13.201
12.920 15.433
14.793 11.661
13.512 12.368
14.760 15.873
15.131 13.569
15.262 15.787
12.333 20.889
15.578 14.480
5.253 16.063
14.293 15.604
14.679 13.837
14.644 13.483
14.561 13.642
14.258 14.260
14.242 15.133
14.356 14.688
12.500 14.000
13.928 15.343
13.377 13.715
16.841 16.593
20.333 20.333
15.607 14.146
13.949 14.052
13.279 16.164
16.766 15.610
12.956 13.424
14.128 14.106
15.344 14.691
14.015 14.096
21.136 11.345
15.292 15.898
11.333 18.333
14.344 17.827
13.667 6.463
15.249 13.668
13.678 13.990
14.360 14.261
15.384 17.669
13.899 15.029
15.243 13.609
16.803 16.045
14.254 15.807
17.654 17.097
13.837 14.705
11.663 13.655
14.649 9.953
9.958 17.218
17.031 18.023
14.569 14.013
17.790 15.552
14.814 12.533
16.364 18.546
11.840 15.744
13.449 14.100
13.968 15.342
14.281 14.207
17.897 18.557
15.509 14.893
5.546 17.944
13.718 13.984
14.388 14.877
12.910 13.769
21.333 10.667
14.376 14.745
12.079 13.233
11.860 15.092
11.190 15.538
15.393 14.031
14.202 18.022
15.759 15.800
17.556 13.367
14.372 15.423
15.851 15.669
15.085 8.621
14.251 13.080
14.712 14.313
13.747 16.055
12.395 15.097
11.439 14.825
16.474 14.009
12.450 15.891
7.000 18.000
15.898 14.372
14.532 15.355
14.257 14.759
14.770 14.543
15.839 14.823
12.491 14.939
17.666 12.422
14.306 15.432
13.822 12.991
15.570 12.721
16.497 16.218
14.320 15.458
13.520 15.374
16.318 15.613
14.941 16.172
12.520 15.631
16.593 15.574
12.408 14.103
14.683 13.529
15.222 14.639
14.934 11.264
14.997 14.567
13.977 14.519
14.940 15.265
13.833 14.407
14.651 14.657
20.000 14.333
16.856 9.975
14.556 14.994
17.625 16.483
14.685 15.935
15.660 14.534
6.333 21.667
11.898 16.734
14.489 13.856
10.956 15.218
11.811 14.946
14.705 14.992
14.976 16.886
14.432 15.998
-nan -nan
14.224 18.434
15.304 14.991
13.488 15.188
15.636 16.751
19.044 10.758
14.419 15.564
18.375 13.529
14.182 14.621
16.044 14.637
15.580 13.649
18.889 18.171
14.926 14.459
14.638 15.441
13.984 8.611
14.764 15.057
15.284 14.674
14.951 13.842
11.414 13.191
13.375 15.267
14.615 15.730
16.262 13.853
12.898 13.349
12.312 13.454
13.912 14.766
13.362 10.718
11.082 16.785
15.164 14.256
14.858 15.106
13.209 18.424
12.435 12.768
12.912 15.885
14.732 14.142
14.653 7.534
13.401 15.146
15.557 14.809
23.667 12.667
15.445 13.065
16.872 13.290
13.503 16.944
14.381 15.105
13.574 13.297
19.409 15.088
13.587 12.414
15.594 16.833
13.153 14.152
14.685 14.293
11.022 10.400
13.663 14.824
13.957 13.839
14.951 14.311
13.441 13.000
19.289 15.746
17.073 11.285
15.120 14.223
14.849 14.473
15.051 15.412
15.846 14.502
18.229 11.815
15.310 14.597
15.213 14.636
13.849 14.652
16.110 15.017
15.302 13.844
17.564 9.673
14.969 14.386
12.729 13.872
13.396 13.631
11.997 14.023
15.914 16.836
15.199 14.597
13.737 15.692
12.241 5.006
14.097 8.806
12.838 13.820
14.764 15.570
12.816 12.534
16.951 13.047
12.429 17.539
17.975 18.552
10.523 16.423
14.178 14.548
8.594 12.721
14.602 15.368
15.120 14.460
14.100 10.296
16.400 15.430
18.667 12.667
10.919 14.698
17.418 18.348
13.822 16.563
12.071 14.471
15.559 11.835
13.740 14.021
15.075 14.615
15.684 11.526
14.291 15.799
8.050 15.945
14.751 16.081
15.146 14.579
19.292 15.484
15.956 14.079
14.058 15.010
10.995 15.312
16.210 14.754
12.487 16.471
13.834 14.538
18.177 16.056
14.308 13.702
11.865 11.222
15.152 15.175
13.377 12.767
17.537 17.235
18.000 13.333
13.070 13.150
14.922 13.517
6.743 11.291
14.951 13.998
13.649 14.661
16.926 12.379
13.302 16.190
14.697 15.293
14.254 14.022
12.588 15.576
16.325 15.163
12.201 15.752
13.418 8.678
7.000 9.333
14.684 15.111
15.225 13.475
14.440 15.363
14.453 13.604
14.492 15.167
15.481 23.377
17.248 14.217
14.581 13.990
17.181 16.923
9.404 16.109
15.977 14.033
10.903 13.375
16.259 13.229
14.489 11.500
14.335 15.800
15.205 16.154
15.542 10.836
11.000 15.333
14.478 15.915
16.300 14.920
15.881 13.090
15.257 14.114
14.208 14.940
11.092 11.553
14.232 13.904
13.282 14.346
14.644 14.706
15.590 15.124
13.388 13.519
13.028 15.572
18.638 18.427
12.836 13.592
13.455 16.175
13.906 14.927
13.173 15.266
14.686 14.270
14.118 15.109
15.723 14.988
13.719 14.509
19.308 10.154
16.851 12.539
13.198 13.727
14.428 13.708
14.116 14.020
15.933 13.918
13.771 14.529
16.237 15.331
13.891 13.566
15.540 15.505
13.326 15.032
16.661 16.238
11.415 19.227
19.617 14.889
17.381 11.936
14.866 14.085
13.297 13.665
14.482 12.136
17.918 15.609
14.378 15.218
14.207 13.032
14.802 10.804
13.863 13.221
12.364 10.786
16.200 13.859
18.468 15.173
13.129 15.028
17.646 16.499
13.369 18.420
14.355 14.909
14.623 15.125
14.006 17.169
13.403 14.432
14.919 14.261
12.503 12.522
19.067 18.133
12.952 14.967
16.123 14.982
15.451 12.980
15.288 14.413
13.161 17.493
11.336 11.784
13.006 15.803
14.581 13.826
14.310 15.019
14.233 14.577
9.333 13.667
15.095 15.714
15.087 12.894
16.715 14.723
14.791 15.666
15.250 14.845
14.110 15.478
14.592 15.475
12.667 12.000
14.694 15.241
15.376 16.379
15.386 14.878
20.333 16.667
10.676 14.577
14.470 8.526
14.553 14.765
13.694 14.258
14.632 13.725
21.410 21.179
14.970 15.740
16.805 15.833
14.414 10.513
14.667 18.333
14.314 13.335
14.498 15.745
12.905 14.599
15.433 13.999
11.885 15.378
14.256 13.618
15.116 15.312
15.241 15.008
-nan -nan
13.952 15.575
12.343 8.966
16.527 16.612
12.647 14.870
17.195 18.471
15.537 15.106
14.231 14.473
-nan -nan
15.884 15.218
15.409 13.927
15.378 11.337
18.537 16.759
-nan -nan
14.058 13.717
14.055 15.115
15.773 13.521
13.334 13.159
16.435 18.043
13.284 15.148
14.652 14.419
15.235 11.797
17.919 10.866
10.929 19.034
14.410 14.592
16.394 13.489
21.549 18.015
14.534 11.860
15.266 14.240
13.722 13.576
16.593 14.661
14.238 15.712
16.657 13.568
15.938 14.499
14.200 13.207
18.024 18.831
13.303 15.049
12.448 15.022
14.759 14.187
8.965 16.713
13.377 13.612
15.235 15.338
11.450 12.440
14.295 13.474
13.461 13.019
14.720 14.880
14.933 14.525
13.512 15.970
16.648 13.357
9.659 16.182
13.532 14.577
15.276 12.450
15.974 16.162
15.018 16.090
14.811 16.054
13.333 11.700
12.991 13.391
12.394 14.255
13.723 19.582
13.148 10.511
13.519 11.527
13.580 5.656
15.006 11.917
13.923 12.512
7.111 10.593
14.815 14.833
14.485 14.913
15.976 13.563
13.761 16.011
15.000 8.333
13.817 15.299
13.559 15.374
13.145 13.607
14.902 14.808
12.809 16.347
4.333 13.000
13.330 14.690
14.888 14.536
14.238 13.655
14.410 14.055
15.102 15.842
17.335 13.212
17.323 13.079
15.314 14.197
15.405 13.133
20.000 15.000
14.276 15.662
14.126 13.625
12.728 13.173
13.689 15.553
12.332 18.734
14.459 15.747
14.897 14.501
12.687 16.213
13.371 16.062
15.850 14.065
13.950 14.920
16.118 14.720
15.795 13.227
13.008 16.277
15.089 15.658
14.525 13.752
14.526 14.709
8.000 10.667
15.609 15.232
15.169 14.688
14.547 13.894
12.321 13.692
17.871 11.079
15.530 17.038
14.249 15.097
14.577 15.658
11.760 18.344
17.062 13.746
14.773 13.425
14.239 14.482
19.378 16.539
14.733 10.438
13.254 14.579
17.420 15.681
14.873 14.559
14.126 14.288
17.306 16.445
15.648 16.251
16.667 21.667
14.715 14.575
14.569 12.390
17.111 15.834
16.123 14.774
15.610 15.956
13.164 17.174
12.714 16.011
18.565 12.066
14.758 11.279
14.500 13.777
13.446 12.999
14.731 13.919
13.987 14.962
13.728 15.187
17.166 13.914
17.204 9.990
14.066 14.554
14.058 13.979
15.325 14.819
13.848 15.988
13.873 12.842
13.108 14.465
14.975 13.998
17.533 18.131
14.705 12.345
16.956 14.824
15.901 14.740
15.646 14.831
16.136 15.480
15.940 15.973
17.512 19.081
12.287 15.325
14.304 14.126
14.841 14.127
14.609 14.318
15.390 16.948
14.331 14.487
15.571 14.607
15.976 15.884
15.851 13.492
14.668 13.013
15.827 13.028
16.409 17.800
16.413 15.553
17.714 13.362
15.396 14.456
13.700 14.892
25.000 9.000
14.865 15.881
13.393 16.103
13.321 15.461
14.824 13.577
13.624 13.290
17.312 16.911
14.439 15.097
17.186 13.666
11.766 12.836
13.611 16.129
12.453 16.514
13.319 13.743
11.938 11.667
11.782 13.705
14.773 14.106
7.320 8.406
13.945 13.942
12.836 13.526
15.514 15.945
12.323 17.716
13.969 14.922
15.997 13.613
12.298 14.793
15.710 13.758
12.466 14.442
11.333 10.333
15.478 14.963
13.423 15.361
14.641 13.824
14.494 16.273
14.975 13.535
16.333 17.333
11.123 12.629
15.982 14.640
15.392 12.751
16.804 15.659
14.638 14.248
12.743 16.192
13.772 12.904
12.837 17.593
11.503 15.217
13.517 14.185
18.667 15.333
11.567 12.410
14.154 13.220
14.242 14.507
20.333 14.000
16.377 15.003
11.880 16.411
13.531 14.714
14.987 14.146
13.839 15.821
14.158 16.520
15.169 15.027
16.035 15.430
14.578 14.996
15.346 14.060
20.036 11.252
12.591 12.182
14.568 14.862
12.827 12.719
15.693 13.797
14.778 12.889
17.512 14.528
14.389 13.143
14.782 17.988
16.922 11.801
13.726 16.582
14.382 16.126
16.028 14.076
16.089 15.080
14.955 13.412
13.886 13.473
15.291 14.897
15.092 13.660
13.988 14.961
16.230 12.439
17.306 17.560
20.344 10.738
13.852 14.162
15.061 15.592
14.056 14.266
11.445 15.644
15.466 14.996
14.344 14.378
13.601 15.196
15.662 17.430
17.000 7.667
14.524 14.775
18.050 16.893
15.939 13.327
14.489 15.154
14.588 12.815
14.095 16.815
14.523 11.387
15.230 15.685
13.524 13.790
14.291 14.266
12.970 12.832
13.795 15.314
11.855 16.956
17.667 11.333
15.796 15.782
14.562 15.133
15.108 14.473
12.656 14.456
12.163 13.731
14.884 15.439
14.033 13.973
9.000 10.667
14.970 14.156
13.999 15.114
14.608 14.190
18.069 12.123
13.686 16.998
13.742 13.569
13.827 14.286
14.798 13.640
15.440 13.330
14.832 15.424
14.125 18.481
12.831 12.769
14.359 13.890
15.980 15.934
14.259 15.496
14.407 14.476
14.870 14.228
13.456 14.820
16.573 16.182
10.842 16.270
14.555 15.265
16.328 12.517
16.494 13.837
15.011 12.384
13.975 18.133
15.896 14.093
12.773 12.839
17.237 15.321
14.212 15.712
15.134 14.020
13.011 13.877
16.204 14.751
14.201 15.473
10.266 14.930
-nan -nan
13.996 10.273
16.756 16.529
16.005 12.618
12.252 13.414
18.497 13.441
16.409 15.623
15.971 14.785
14.618 15.046
14.293 13.693
17.245 12.493
15.446 13.946
13.744 12.383
12.000 12.667
17.880 12.731
17.763 13.407
15.209 13.861
13.466 14.527
13.681 15.561
13.827 15.716
18.000 11.000
14.110 14.167
14.433 15.608
13.930 15.834
14.978 14.813
13.532 16.137
14.267 15.063
14.788 16.298
15.833 14.036
13.868 15.237
15.621 16.944
12.013 13.616
15.318 15.562
12.788 17.152
14.050 15.161
14.807 15.164
6.109 14.235
14.000 17.667
13.023 13.523
13.224 11.568
14.256 14.655
13.812 13.045
18.137 12.737
14.768 14.266
20.181 16.189
9.667 16.667
14.580 14.651
14.887 14.081
14.082 15.018
13.805 7.912
15.792 15.826
13.986 15.719
8.333 16.333
14.275 14.706
14.828 14.375
12.954 14.409
14.913 14.129
15.100 14.264
13.636 12.169
14.518 15.009
14.715 14.004
16.787 19.204
13.533 15.686
14.819 14.880
9.928 13.225
11.635 17.512
12.448 16.304
19.992 10.714
13.788 14.785
13.981 14.063
16.607 16.415
14.831 12.699
14.953 14.589
14.531 14.481
14.547 15.119
13.074 13.101
16.600 15.639
13.994 12.824
13.981 14.589
14.068 14.351
13.648 15.562
15.502 16.814
12.805 15.394
14.979 15.719
14.195 14.277
15.905 12.089
15.077 14.650
13.470 14.237
13.725 15.138
14.081 16.738
16.539 13.612
17.569 18.194
13.864 16.992
17.443 14.523
14.796 14.739
16.787 15.798
14.109 15.267
14.351 14.600
14.707 12.771
13.669 13.920
14.292 15.020
11.660 12.966
13.667 11.667
13.254 14.616
13.355 13.341
12.227 15.858
9.957 12.584
12.228 11.900
15.323 16.675
14.794 13.359
15.204 14.020
16.075 16.520
15.068 14.217
16.319 13.231
13.638 13.093
13.775 14.648
13.500 13.182
14.343 13.789
10.274 14.430
17.041 15.978
10.954 16.327
14.439 12.717
15.245 14.026
12.482 11.305
14.715 14.739
14.830 15.272
14.743 15.278
15.716 13.447
13.278 14.977
14.849 14.480
17.645 11.228
13.632 14.818
13.201 15.735
13.987 14.521
13.981 13.772
16.667 26.667
13.729 14.995
14.681 14.554
12.154 16.661
16.776 16.209
11.593 14.439
13.888 16.219
15.830 14.131
12.881 12.779
13.506 15.826
13.941 14.054
15.561 16.718
11.000 21.000
15.826 16.496
16.431 13.382
14.475 14.865
15.902 15.748
13.046 12.262
15.546 14.010
16.427 14.814
12.564 12.690
14.548 18.887
16.992 13.765
19.000 13.667
12.726 16.806
13.170 15.156
14.887 14.897
14.403 13.283
16.988 13.689
15.595 14.898
14.612 14.534
15.116 14.333
11.941 16.707
15.785 13.325
13.671 10.250
13.960 13.511
14.768 16.450
12.818 14.177
16.261 17.161
14.041 13.466
17.217 15.979
15.417 12.965
14.762 16.656
15.732 14.931
15.478 14.378
15.995 13.024
14.976 9.030
14.443 14.852
12.283 15.840
14.708 14.476
19.297 19.261
15.128 15.024
13.656 14.108
14.431 16.069
12.848 15.500
11.902 14.849
13.224 13.998
12.232 13.081
11.688 17.661
12.543 15.464
16.812 15.315
13.827 15.125
15.522 16.538
14.462 15.310
15.599 15.360
13.605 19.541
15.056 19.103
11.226 13.935
19.667 12.667
17.847 17.709
15.762 12.968
13.967 14.545
14.930 14.240
24.000 15.667
15.333 19.667
14.793 13.425
14.359 15.419
14.881 14.481
15.168 13.612
13.871 15.879
16.895 14.966
15.993 15.231
9.658 15.062
17.448 16.541
7.289 14.927
18.430 14.066
11.229 18.090
13.052 15.467
11.126 14.766
14.811 14.042
14.820 14.489
12.101 15.356
17.082 13.959
12.468 12.203
14.609 17.336
16.624 15.869
14.429 15.429
14.383 12.998
14.168 15.342
15.450 16.727
12.353 14.361
15.624 15.674
13.655 14.155
14.372 14.032
13.186 14.676
13.319 14.660
15.244 14.992
15.526 14.548
12.364 15.558
14.714 13.349
